1 X 1 - 215 Mbps
CPE1# tools cpu-util
fp-dump -U 

Iter |    Core[0]   |    Core[1]   |    Core[2]   |    Core[3]   
-------------------------------------------------
   1 |      0.00    |      0.02    |      0.00    |     98.51    
   2 |      0.00    |      0.02    |      0.00    |     98.53    
   3 |      0.00    |      0.02    |      0.00    |     98.53    
   4 |      0.00    |      0.02    |      0.00    |     98.53    
   5 |      0.00    |      0.02    |      0.00    |     98.53    
   6 |      0.00    |      0.02    |      0.00    |     98.53    
   7 |      0.00    |      0.02    |      0.00    |     98.54    
   8 |      0.00    |      0.02    |      0.00    |     98.53    
   9 |      0.00    |      0.02    |      0.00    |     98.53    
  10 |      0.00    |      0.02    |      0.00    |     98.55    
CPE1#

16 X 16 - 215Mbps
CPE1# tools cpu-util
fp-dump -U 

Iter |    Core[0]   |    Core[1]   |    Core[2]   |    Core[3]   
-------------------------------------------------
   1 |      0.00    |     64.55    |     65.82    |     75.14    
   2 |      0.00    |     64.54    |     65.84    |     75.15    
   3 |      0.00    |     64.57    |     65.81    |     75.16    
   4 |      0.00    |     64.53    |     65.88    |     75.18    
   5 |      0.00    |     64.54    |     65.85    |     75.14    
   6 |      0.00    |     64.49    |     65.83    |     75.04    
   7 |      0.00    |     64.55    |     65.91    |     75.07    
   8 |      0.00    |     64.54    |     65.88    |     75.12    
   9 |      0.00    |     64.53    |     65.85    |     75.19    
  10 |      0.00    |     64.58    |     65.89    |     75.18    
CPE1#
CPE1# tools cpu-util
fp-dump -U 

Iter |    Core[0]   |    Core[1]   |    Core[2]   |    Core[3]   
-------------------------------------------------
   1 |      0.00    |     49.04    |     50.82    |     58.39    
   2 |      0.00    |     49.05    |     50.78    |     58.33    
   3 |      0.00    |     49.05    |     50.79    |     58.31    
   4 |      0.00    |     49.03    |     50.77    |     58.34    
   5 |      0.00    |     48.98    |     50.74    |     58.38    
   6 |      0.00    |     49.10    |     50.83    |     58.36    
   7 |      0.00    |     49.01    |     50.81    |     58.34    
   8 |      0.00    |     49.00    |     50.77    |     58.32    
   9 |      0.00    |     49.00    |     50.75    |     58.29    
  10 |      0.00    |     49.08    |     50.70    |     58.37    
CPE1#


16 X 16 - 300Mbps
CPE1# tools cpu-util
fp-dump -U 

Iter |    Core[0]   |    Core[1]   |    Core[2]   |    Core[3]   
-------------------------------------------------
   1 |      0.00    |     81.56    |     82.59    |     96.04    
   2 |      0.00    |     81.56    |     82.53    |     96.07    
   3 |      0.00    |     81.51    |     82.62    |     96.17    
   4 |      0.00    |     81.55    |     82.59    |     96.12    
   5 |      0.00    |     81.53    |     82.59    |     96.11    
   6 |      0.00    |     81.46    |     82.72    |     96.04    
   7 |      0.00    |     81.51    |     82.62    |     96.12    
   8 |      0.00    |     81.43    |     82.57    |     96.09    
   9 |      0.00    |     81.50    |     82.60    |     96.09    
  10 |      0.00    |     81.57    |     82.61    |     96.16    
CPE1#


16 X 1 - 215Mbps
CPE1# tools cpu-util
fp-dump -U 

Iter |    Core[0]   |    Core[1]   |    Core[2]   |    Core[3]   
-------------------------------------------------
   1 |      0.00    |     55.86    |     63.46    |     79.63    
   2 |      0.00    |     55.80    |     63.44    |     79.64    
   3 |      0.00    |     55.78    |     63.46    |     79.75    
   4 |      0.00    |     55.80    |     63.44    |     79.74    
   5 |      0.00    |     55.87    |     63.45    |     79.77    
   6 |      0.00    |     55.89    |     63.54    |     79.91    
   7 |      0.00    |     55.86    |     63.43    |     79.64    
   8 |      0.00    |     55.82    |     63.42    |     79.60    
   9 |      0.00    |     55.85    |     63.49    |     79.75    
  10 |      0.00    |     55.90    |     63.54    |     79.75    
CPE1# 
16 X 16 - 300Mbps
CPE1# tools cpu-util
fp-dump -U 

Iter |    Core[0]   |    Core[1]   |    Core[2]   |    Core[3]   
-------------------------------------------------
   1 |      0.00    |     58.11    |     76.11    |     94.49    
   2 |      0.00    |     58.35    |     76.02    |     94.38    
   3 |      0.00    |     57.56    |     75.66    |     94.20    
   4 |      0.00    |     58.15    |     75.82    |     94.37    
   5 |      0.00    |     57.85    |     75.96    |     94.43    
   6 |      0.00    |     58.36    |     75.78    |     94.39    
   7 |      0.00    |     57.96    |     75.93    |     94.42    
   8 |      0.00    |     57.61    |     76.12    |     94.44    
   9 |      0.00    |     57.87    |     76.07    |     94.38    
  10 |      0.00    |     57.94    |     75.84    |     94.34    
CPE1#  
CPE1# 







